core_id	researcher_sample_id	plate_id	well	dna_conc_ng_ul	volume_ul	spike_in_ratio	spike_in_conc_ng_per_ul	cenome_copies_per_vial	e_coli_dna_ng_per_ul	c_perfringens_dna_ng_per_ul	s_aureus_dna_ng_per_ul	e_coli_dna_ng	c_perfringens_dna_ng	s_aureus_dna_ng	e_coli_genome_copies	c_perfringens_genome_copies	s_aureus_genome_copies	ecoli_genome_mbp	c_perfringens_genome_mbp	s_aureus_genome_mbp
3728-EL-1	A1_TI	3728-EL-P1	A1	6.45943851	90	0.005	0.032297193	60000000	0.014064906	0.009958812	0.008273474	1.265841579	0.896293057	0.744612694	255501.8598	255501.8598	255501.8598	4.59	3.25	2.7
3728-EL-2	A1_Ce	3728-EL-P1	B1	6.33159472	90	0.005	0.031657974	60000000	0.013786537	0.009761709	0.008109728	1.24078832	0.878553821	0.729875482	250445.0231	250445.0231	250445.0231	4.59	3.25	2.7
3728-EL-3	A1_TC	3728-EL-P1	C1	5.10522906	90	0.005	0.025526145	60000000	0.011116225	0.007870965	0.006538956	1.000460211	0.70838686	0.588506006	201936.363	201936.363	201936.363	4.59	3.25	2.7
3728-EL-4	A1_DC	3728-EL-P1	D1	6.85683259	90	0.005	0.034284163	60000000	0.0149302	0.010571492	0.008782471	1.343717999	0.951434313	0.790422353	271220.707	271220.707	271220.707	4.59	3.25	2.7
3728-EL-5	21A1_TI	3728-EL-P1	E1	0.3222823	90	0.005	0.001611412	60000000	0.000701744	0.000496877	0.00041279	0.063156935	0.044718962	0.037151138	12747.81499	12747.81499	12747.81499	4.59	3.25	2.7
3728-EL-6	21A1_Ce	3728-EL-P1	F1	4.66357591	90	0.005	0.02331788	60000000	0.01015456	0.007190048	0.005973271	0.91391044	0.647104342	0.537594377	184466.8568	184466.8568	184466.8568	4.59	3.25	2.7
3728-EL-7	21A1_TC	3728-EL-P1	G1	3.51975538	90	0.005	0.017598777	60000000	0.007663983	0.005426568	0.004508226	0.689758514	0.488391105	0.405740302	139223.2536	139223.2536	139223.2536	4.59	3.25	2.7
3728-EL-8	21A1_DC	3728-EL-P1	H1	5.19053328	90	0.005	0.025952666	60000000	0.011301968	0.008002483	0.006648216	1.017177086	0.720223427	0.598339463	205310.5552	205310.5552	205310.5552	4.59	3.25	2.7
3728-EL-9	A2_TI	3728-EL-P1	A2	7.46584779	90	0.005	0.037329239	60000000	0.016256281	0.011510439	0.009562519	1.463065333	1.035939506	0.860626666	295310.1872	295310.1872	295310.1872	4.59	3.25	2.7
3728-EL-10	A2_Ce	3728-EL-P1	B2	4.26277532	90	0.005	0.021313877	60000000	0.009281849	0.006572116	0.005459911	0.835366454	0.591490408	0.491392032	168613.2658	168613.2658	168613.2658	4.59	3.25	2.7
3728-EL-11	A2_TC	3728-EL-P1	C2	6.33035325	90	0.005	0.031651766	60000000	0.013783834	0.009759795	0.008108137	1.240545032	0.878381559	0.729732372	250395.917	250395.917	250395.917	4.59	3.25	2.7
3728-EL-12	A2_DC	3728-EL-P1	D2	7.11732594	90	0.005	0.03558663	60000000	0.015497403	0.010973107	0.00911612	1.394766293	0.987579619	0.820450761	281524.4718	281524.4718	281524.4718	4.59	3.25	2.7
3728-EL-13	21A2_TI	3728-EL-P1	E2	2.13769519	90	0.005	0.010688476	60000000	0.004654659	0.003295782	0.002738035	0.418919299	0.296620419	0.246423117	84556.12605	84556.12605	84556.12605	4.59	3.25	2.7
3728-EL-14	21A2_Ce	3728-EL-P1	F2	5.68282225	90	0.005	0.028414111	60000000	0.012373887	0.008761467	0.007278757	1.113649844	0.788532025	0.655088144	224782.9516	224782.9516	224782.9516	4.59	3.25	2.7
3728-EL-15	21A2_TC	3728-EL-P1	G2	3.95489254	90	0.005	0.019774463	60000000	0.00861146	0.006097439	0.005065564	0.775031361	0.548769482	0.4559008	156435.0211	156435.0211	156435.0211	4.59	3.25	2.7
3728-EL-16	21A2_DC	3728-EL-P1	H2	5.09196039	90	0.005	0.025459802	60000000	0.011087333	0.007850508	0.006521961	0.99785998	0.706545737	0.586976459	201411.5233	201411.5233	201411.5233	4.59	3.25	2.7
3728-EL-17	A3_TI	3728-EL-P1	A3	3.4745658	90	0.005	0.017372829	60000000	0.007565587	0.005356897	0.004450345	0.680902814	0.482120729	0.400531067	137435.7884	137435.7884	137435.7884	4.59	3.25	2.7
3728-EL-18	A3_Ce	3728-EL-P1	B3	6.22677966	90	0.005	0.031133898	60000000	0.013558311	0.009600111	0.007975477	1.22024795	0.864009986	0.717792911	246299.0834	246299.0834	246299.0834	4.59	3.25	2.7
3728-EL-19	A3_TC	3728-EL-P1	C3	7.56044333	90	0.005	0.037802217	60000000	0.016462256	0.011656281	0.00968368	1.481603007	1.04906531	0.871531181	299051.8958	299051.8958	299051.8958	4.59	3.25	2.7
3728-EL-20	A3_DC	3728-EL-P1	D3	6.58293598	90	0.005	0.03291468	60000000	0.014333812	0.010149213	0.008431654	1.290043099	0.91342921	0.758848882	260386.7788	260386.7788	260386.7788	4.59	3.25	2.7
3728-EL-21	21A3_TI	3728-EL-P1	E3	5.20339122	90	0.005	0.026016956	60000000	0.011329965	0.008022306	0.006664685	1.019696828	0.722007558	0.599821663	205819.1485	205819.1485	205819.1485	4.59	3.25	2.7
3728-EL-22	21A3_Ce	3728-EL-P1	F3	5.44072357	90	0.005	0.027203618	60000000	0.011846737	0.008388212	0.006968669	1.066206313	0.75493911	0.627180184	215206.7844	215206.7844	215206.7844	4.59	3.25	2.7
3728-EL-23	21A3_TC	3728-EL-P1	G3	4.44697498	90	0.005	0.022234875	60000000	0.009682929	0.006856105	0.005695841	0.871463645	0.617049422	0.512625674	175899.2483	175899.2483	175899.2483	4.59	3.25	2.7
3728-EL-24	21A3_DC	3728-EL-P1	H3	4.68112128	90	0.005	0.023405606	60000000	0.010192764	0.007217099	0.005995744	0.917348767	0.649538887	0.539616922	185160.8606	185160.8606	185160.8606	4.59	3.25	2.7
3728-EL-25	S1_TI	3728-EL-P1	A4	1.83425386	90	0.005	0.009171269	60000000	0.00399394	0.002827953	0.002349376	0.359454587	0.254515775	0.211443875	72553.56204	72553.56204	72553.56204	4.59	3.25	2.7
3728-EL-26	S1_Ce	3728-EL-P1	B4	6.11523745	90	0.005	0.030576187	60000000	0.013315436	0.009428141	0.00783261	1.198389274	0.848532711	0.704934867	241887.0525	241887.0525	241887.0525	4.59	3.25	2.7
3728-EL-27	S1_TC	3728-EL-P1	C4	6.24956474	90	0.005	0.031247824	60000000	0.013607923	0.00963524	0.008004661	1.22471309	0.867171578	0.720419465	247200.3429	247200.3429	247200.3429	4.59	3.25	2.7
3728-EL-28	S1_DC	3728-EL-P1	D4	6.05438211	90	0.005	0.030271911	60000000	0.013182929	0.009334318	0.007754664	1.186463591	0.840088599	0.697919759	239479.9311	239479.9311	239479.9311	4.59	3.25	2.7
3728-EL-29	21S1_TI	3728-EL-P1	E4	0.34219227	90	0.005	0.001710961	60000000	0.000745096	0.000527573	0.000438292	0.067058646	0.047481612	0.039446263	13535.35006	13535.35006	13535.35006	4.59	3.25	2.7
3728-EL-30	21S1_Ce	3728-EL-P1	F4	5.70506432	90	0.005	0.028525322	60000000	0.012422317	0.008795759	0.007307246	1.118008572	0.79161827	0.657652101	225662.7325	225662.7325	225662.7325	4.59	3.25	2.7
3728-EL-31	21S1_TC	3728-EL-P1	G4	5.34570802	90	0.005	0.02672854	60000000	0.011639848	0.008241723	0.006846969	1.04758633	0.741755026	0.616227253	211448.4625	211448.4625	211448.4625	4.59	3.25	2.7
3728-EL-32	21S1_DC	3728-EL-P1	H4	4.51262914	90	0.005	0.022563146	60000000	0.009825886	0.006957327	0.005779933	0.884329743	0.626159404	0.520193966	178496.1861	178496.1861	178496.1861	4.59	3.25	2.7
3728-EL-33	S2_TI	3728-EL-P1	A5	1.81912879	90	0.005	0.009095644	60000000	0.003961006	0.002804634	0.002330004	0.356490561	0.252417064	0.20970033	71955.29278	71955.29278	71955.29278	4.59	3.25	2.7
3728-EL-34	S2_Ce	3728-EL-P1	B5	6.44304411	90	0.005	0.032215221	60000000	0.014029209	0.009933536	0.008252476	1.262628805	0.894018217	0.742722827	254853.3825	254853.3825	254853.3825	4.59	3.25	2.7
3728-EL-35	S2_TC	3728-EL-P1	C5	6.39482394	90	0.005	0.03197412	60000000	0.013924213	0.009859193	0.008190714	1.253179208	0.887327326	0.73716424	252946.0428	252946.0428	252946.0428	4.59	3.25	2.7
3728-EL-36	S2_DC	3728-EL-P1	D5	7.08126988	90	0.005	0.035406349	60000000	0.015418894	0.010917518	0.009069938	1.387700468	0.982576584	0.816294393	280098.2812	280098.2812	280098.2812	4.59	3.25	2.7
3728-EL-37	21S2_TI	3728-EL-P1	E5	6.22512514	90	0.005	0.031125626	60000000	0.013554708	0.00959756	0.007973358	1.219923717	0.86378041	0.717602186	246233.6391	246233.6391	246233.6391	4.59	3.25	2.7
3728-EL-38	21S2_Ce	3728-EL-P1	F5	6.50150933	90	0.005	0.032507547	60000000	0.014156512	0.010023674	0.00832736	1.274086103	0.902130683	0.749462413	257165.9631	257165.9631	257165.9631	4.59	3.25	2.7
3728-EL-39	21S2_TC	3728-EL-P1	G5	1.78383849	90	0.005	0.008919192	60000000	0.003884164	0.002750225	0.002284803	0.349574801	0.247520284	0.205632236	70559.39168	70559.39168	70559.39168	4.59	3.25	2.7
3728-EL-40	21S2_DC	3728-EL-P1	H5	6.3812977	90	0.005	0.031906489	60000000	0.013894761	0.009838338	0.008173389	1.250528501	0.885450464	0.735605001	252411.015	252411.015	252411.015	4.59	3.25	2.7
3728-EL-41	S3_TI	3728-EL-P1	A6	6.80939211	90	0.005	0.034046961	60000000	0.014826902	0.010498351	0.008721707	1.334421196	0.944851609	0.784953645	269344.2078	269344.2078	269344.2078	4.59	3.25	2.7
3728-EL-42	S3_Ce	3728-EL-P1	B6	6.33293597	90	0.005	0.03166468	60000000	0.013789457	0.009763777	0.008111446	1.241051162	0.878739929	0.730030095	250498.076	250498.076	250498.076	4.59	3.25	2.7
3728-EL-43	S3_TC	3728-EL-P1	C6	6.48761645	90	0.005	0.032438082	60000000	0.014126262	0.010002255	0.008309566	1.271363546	0.900202947	0.74786091	256616.4329	256616.4329	256616.4329	4.59	3.25	2.7
3728-EL-44	S3_DC	3728-EL-P1	D6	6.14918649	90	0.005	0.030745932	60000000	0.013389358	0.009480482	0.007876093	1.205042191	0.853243382	0.708848348	243229.9003	243229.9003	243229.9003	4.59	3.25	2.7
3728-EL-45	21S3_TI	3728-EL-P1	E6	4.10668862	90	0.005	0.020533443	60000000	0.008941983	0.00633147	0.00525999	0.804778496	0.569832268	0.473399115	162439.2861	162439.2861	162439.2861	4.59	3.25	2.7
3728-EL-46	21S3_Ce	3728-EL-P1	F6	6.27219202	90	0.005	0.03136096	60000000	0.013657192	0.009670125	0.008033643	1.229147307	0.870311274	0.723027828	248095.3606	248095.3606	248095.3606	4.59	3.25	2.7
3728-EL-47	21S3_TC	3728-EL-P1	G6	1.89733225	90	0.005	0.009486661	60000000	0.004131288	0.002925204	0.002430169	0.371815917	0.263268351	0.218715245	75048.61574	75048.61574	75048.61574	4.59	3.25	2.7
3728-EL-48	21S3_DC	3728-EL-P1	H6	5.86046415	90	0.005	0.029302321	60000000	0.012760688	0.009035346	0.007506287	1.148461926	0.813181102	0.675565839	231809.5431	231809.5431	231809.5431	4.59	3.25	2.7
3728-EL-49	N_TI	3728-EL-P1	A7	0.79526232	90	0.005	0.003976312	60000000	0.00173162	0.001226092	0.0010186	0.155845761	0.110348306	0.091673977	31456.44958	31456.44958	31456.44958	4.59	3.25	2.7
3728-EL-50	N_Ce	3728-EL-P1	B7	4.663439	90	0.005	0.023317195	60000000	0.010154262	0.007189837	0.005973095	0.91388361	0.647085345	0.537578594	184461.4413	184461.4413	184461.4413	4.59	3.25	2.7
3728-EL-51	N_TC	3728-EL-P1	C7	2.88305652	90	0.005	0.014415283	60000000	0.006277623	0.00444494	0.003692719	0.564986076	0.400044607	0.332344751	114038.7515	114038.7515	114038.7515	4.59	3.25	2.7
3728-EL-52	N_DC	3728-EL-P1	D7	4.30005894	90	0.005	0.021500295	60000000	0.009363032	0.006629598	0.005507666	0.842672841	0.596663776	0.495689906	170088.0123	170088.0123	170088.0123	4.59	3.25	2.7